0.00001	1.413498381215424e-91
0.00501	3.3732429586473836e-32
0.01001	1.2689354683648752e-25
0.015009999999999999	8.255078812132057e-22
0.02001	3.863091080896699e-19
0.02501	4.194093623146704e-17
0.03001	1.7830061413966814e-15
0.03501	3.931063876622351e-14
0.04001	5.325113076363429e-13
0.045009999999999994	4.952562903065817e-12
0.05001	3.41661595368332e-11
0.05501	1.849768928276269e-10
0.06001	8.200928545525694e-10
0.06501	3.0768837735713315e-9
0.07001	1.0025200099264891e-8
0.07501	2.8959261828312446e-8
0.08001	7.541769729061193e-8
0.08501	1.7952810712151798e-7
0.09000999999999999	3.9513026371299657e-7
0.09501	8.118486045332248e-7
0.10000999999999999	1.5699024441745195e-6
0.10500999999999999	2.8770352858766305e-6
0.11001	5.026591980906417e-6
0.11501	8.415535118860517e-6
0.12000999999999999	0.000013561099725345763
0.12500999999999998	0.000021114841343744004
0.13001	0.000031873020075082206
0.13501	0.00004678253685574502
0.14001	0.00006694195981544289
0.14501	0.00009359750554749789
0.15001	0.00012813414386704075
0.15501	0.00017206224647118708
0.16001	0.00022700039211494624
0.16501	0.0002946550696377135
0.17001	0.0003767980847304729
0.17501	0.0004752424878789617
0.18001	0.0005918178146725441
0.18501	0.0007283453609038429
0.19001	0.0008866141244002042
0.19501000000000002	0.001068357945131418
0.20001	0.0012752342895832717
0.20501	0.0015088050126863687
0.21001	0.0017705192981287865
0.21501	0.0020616988868039756
0.22001	0.00238352581279494
0.22501	0.002737032437083191
0.23001	0.0031230938293931804
0.23501	0.0035424223877095103
0.24001	0.003995564597379844
0.24501	0.004482899626555331
0.25001	0.005004639752294836
0.25501	0.005560832329903909
0.26001	0.006151363177099255
0.26501	0.006775961092423694
0.27001000000000003	0.007434203483095342
0.27501000000000003	0.008125522779921849
0.28001000000000004	0.008849213567850973
0.28501000000000004	0.009604440245824197
0.29001000000000005	0.010390245127900759
0.29501000000000005	0.011205556745806087
0.30001	0.012049198431430742
0.30501	0.012919896881973146
0.31001	0.013816290769014665
0.31501	0.014736939237876046
0.32001	0.015680330251316894
0.32501	0.016644888748592292
0.33001	0.017628984561567
0.33501000000000003	0.01863094004693988
0.34001000000000003	0.019649037239943476
0.34501000000000004	0.020681534247713733
0.35001000000000004	0.02172662541322656
0.35501000000000005	0.022782535753477547
0.36001	0.02384745523625671
0.36501	0.024919547912510016
0.37001	0.025996986688188572
0.37501	0.02707794825825028
0.38001	0.028160592652788488
0.38501	0.029243097033586817
0.39001	0.03032362206324581
0.39501000000000003	0.03140032499351101
0.40001000000000003	0.032471324041349496
0.40501000000000004	0.033534687793274724
0.41001000000000004	0.03458834707419469
0.41501000000000005	0.03563003476583202
0.42001	0.03665692298865532
0.42501	0.03766565262071326
0.43001	0.03865137404382032
0.43501	0.03960699526532048
0.44001	0.04052142907586934
0.44501	0.041376842075808565
0.45001	0.04214408439683967
0.45501	0.0427756137944622
0.46001000000000003	0.04319507194062298
0.46501000000000003	0.04328401959169315
0.47001000000000004	0.042868757535424004
0.47501000000000004	0.04171728074749082
0.48001	0.03956538090283655
0.48501	0.03619546924472058
0.49001	0.0315715515175965
0.49501	0.02597167918711056
0.50001	0.019996685421754062
0.50501	0.014379271021162139
0.51001	0.009694580923009528
0.51501	0.006181126394679087
0.52001	0.003767805366892859
0.52501	0.002220032252130448
0.53001	0.001276627159869214
0.53501	0.0007220360300978052
0.54001	0.00040400165065269705
0.54501	0.0002245847071599505
0.55001	0.00012440587595591402
0.55501	0.00006881010911213445
0.56001	0.00003805460385672834
0.56501	0.000021060877222046215
0.57001	0.000011670514635625266
0.57501	6.477075743020008e-6
0.58001	3.600643497200644e-6
0.58501	2.004911438710078e-6
0.59001	1.1181628767440417e-6
0.59501	6.244876463472281e-7
0.6000099999999999	3.492020094414743e-7
0.6050099999999999	1.9548477117131357e-7
0.6100099999999999	1.0951871545169929e-7
0.61501	6.139021828652101e-8
0.62001	3.442895412915956e-8
0.62501	1.9309265544226166e-8
0.63001	1.0826631836632095e-8
0.63501	6.069850318139023e-9
0.64001	3.4005139053398577e-9
0.64501	1.902794949909215e-9
0.65001	1.0641397983873294e-9
0.65501	5.942356899117575e-10
0.66001	3.310385647279372e-10
0.66501	1.842794602979511e-10
0.67001	1.0236428312892602e-10
0.67501	5.662229449903264e-11
0.68001	3.130717032033088e-11
0.68501	1.7269212081337542e-11
0.69001	9.45491334585889e-12
0.69501	5.180541816441936e-12
0.70001	2.834913244616692e-12
0.70501	1.529883255358894e-12
0.71001	8.283955416895506e-13
0.71501	4.502307937820601e-13
0.72001	2.3810569076642675e-13
0.7250099999999999	1.2686268679813126e-13
0.7300099999999999	6.893222548510724e-14
0.7350099999999999	3.5478725511563883e-14
0.74001	1.845411569011469e-14
0.74501	1.0232073621594613e-14
0.75001	5.1334372435096585e-15
0.75501	2.5811671723317192e-15
0.76001	1.5359371312384988e-15
0.76501	8.071811016137912e-16
0.77001	4.105313195146826e-16
0.77501	2.7783645070478114e-16
0.78001	2.0067927635107662e-16
0.78501	1.2946122068053994e-16
0.79001	8.678555894811906e-17
0.79501	9.841970783328038e-17
0.80001	8.323408001542708e-17
0.80501	4.7436923444330765e-17
0.81001	6.537437559106508e-17
0.81501	6.286927279199739e-17
0.82001	3.223966628295384e-17
0.82501	4.572015844390047e-17
0.83001	4.681954261359567e-17
0.83501	2.2768319785203457e-17
0.84001	3.16171087360448e-17
0.84501	3.376326819469929e-17
0.8500099999999999	1.5863217099774653e-17
0.8550099999999999	2.1179987304408378e-17
0.8600099999999999	2.3621634053845528e-17
0.86501	1.0637582737212996e-17
0.87001	1.3519787014703537e-17
0.87501	1.60319179888083e-17
0.88001	6.660939816370026e-18
0.88501	8.089077050072088e-18
0.89001	1.0467509943549797e-17
0.89501	3.706640684530484e-18
0.90001	4.490597402605129e-18
0.90501	6.322930049712812e-18
0.91001	1.70951474584028e-18
0.91501	2.3487502675867593e-18
0.92001	3.0902582455318256e-18
0.92501	6.552799021218123e-19
0.93001	1.1030891458815879e-18
0.93501	9.996819211792616e-19
0.94001	2.98738082651716e-20
0.94501	9.829818317777363e-20
0.95001	2.2008240291193e-20
0.95501	9.335700200240849e-23
0.96001	2.8605152296768443e-22
0.96501	1.2049618486352866e-23
0.97001	1.092260267963815e-26
0.9750099999999999	4.034646355625476e-27
0.9800099999999999	7.178930680663211e-30
0.9850099999999999	1.4121019616467293e-34
0.99001	1.1218539046511368e-38
0.99501	7.178058807017015e-51