0.00001	6.512359292404797e-142
0.00501	3.8987404463708387e-50
0.01001	5.9465914393476385e-40
0.015009999999999999	5.002955412569834e-34
0.02001	7.363253128951238e-30
0.02501	1.154779261496512e-26
0.03001	4.3180938631931746e-24
0.03501	5.916177971161458e-22
0.04001	3.8393079217862274e-20
0.045009999999999994	1.393338065991758e-18
0.05001	3.168426188463964e-17
0.05501	4.899866612937127e-16
0.06001	5.4802168145178935e-15
0.06501	4.6502331900903413e-14
0.07001	3.1123150899748484e-13
0.07501	1.6974030551568874e-12
0.08001	7.758503800920188e-12
0.08501	3.0463144516151264e-11
0.09000999999999999	1.0499171651677199e-10
0.09501	3.235398509486797e-10
0.10000999999999999	9.053314249905454e-10
0.10500999999999999	2.3291215285320273e-9
0.11001	5.56447827356479e-9
0.11501	1.2446268630921691e-8
0.12000999999999999	2.6243308007865023e-8
0.12500999999999998	5.247331215434083e-8
0.13001	1.0001297077668749e-7
0.13501	1.8253847079533694e-7
0.14001	3.203138436769859e-7
0.14501	5.423241690918473e-7
0.15001	8.887261090831528e-7
0.15501	1.413563533253098e-6
0.16001	2.1876726316300648e-6
0.16501	3.3016849738359822e-6
0.17001	4.869025074601838e-6
0.17501	7.028791239435845e-6
0.18001	9.94840957527857e-6
0.18501	0.000013825958132891324
0.19001	0.000018892069247487327
0.19501000000000002	0.000025411331724198435
0.20001	0.00003368313405833557
0.20501	0.000044041909144835763
0.21001	0.00005685675889083496
0.21501	0.00007253045663546174
0.22001	0.00009149784546477547
0.22501	0.0001142236630247308
0.23001	0.00014119983199130528
0.23501	0.00017294227572304768
0.24001	0.00020998732757025886
0.24501	0.00025288778732294965
0.25001	0.0003022087038129229
0.25501	0.00035852295466576425
0.26001	0.00042240670147874245
0.26501	0.0004944347644015569
0.27001000000000003	0.0005751760049387627
0.27501000000000003	0.0006651887651520469
0.28001000000000004	0.0007650164146196066
0.28501000000000004	0.0008751830556823845
0.29001000000000005	0.0009961894276448815
0.29501000000000005	0.0011285090435232703
0.30001	0.001272584587977664
0.30501	0.0014288245994742732
0.31001	0.0015976004530736663
0.31501	0.0017792436391097235
0.32001	0.0019740434558647327
0.32501	0.0021822447857416257
0.33001	0.002404046509042766
0.33501000000000003	0.002639599992342278
0.34001000000000003	0.0028890079796133274
0.34501000000000004	0.003152323767738564
0.35001000000000004	0.003429550661525864
0.35501000000000005	0.0037206416949224818
0.36001	0.004025500163781283
0.36501	0.004343977121599185
0.37001	0.004675878078928514
0.37501	0.0050209540563055065
0.38001	0.005378913399396883
0.38501	0.005749413871108898
0.39001	0.006132067811956975
0.39501000000000003	0.006526442274001128
0.40001000000000003	0.006932059703814249
0.40501000000000004	0.007348399059629599
0.41001000000000004	0.007774877435516247
0.41501000000000005	0.00821091093547618
0.42001	0.00865577916752148
0.42501	0.00910871458519089
0.43001	0.009568754014199205
0.43501	0.010034673433106078
0.44001	0.010504585446188394
0.44501	0.010975409060301745
0.45001	0.011441618688068122
0.45501	0.01189291422001101
0.46001000000000003	0.012310077318642728
0.46501000000000003	0.012658073454986893
0.47001000000000004	0.012876731782292612
0.47501000000000004	0.012871636563972947
0.48001	0.012515277459430468
0.48501	0.011675082279222813
0.49001	0.010280699613006641
0.49501	0.008408038349886661
0.50001	0.006307796715768612
0.50501	0.004317198226071308
0.51001	0.0027027922577118634
0.51501	0.0015622179571483244
0.52001	0.0008445350907526201
0.52501	0.0004329128308855272
0.53001	0.0002130724244350245
0.53501	0.00010174483042892358
0.54001	0.00004752281571931965
0.54501	0.000021846724670290942
0.55001	9.929473608238134e-6
0.55501	4.4766318175019485e-6
0.56001	2.006836613709406e-6
0.56501	8.959728306283038e-7
0.57001	3.988317825012513e-7
0.57501	1.7717993758265479e-7
0.58001	7.857866184382734e-8
0.58501	3.479713078311288e-8
0.59001	1.5396906911611598e-8
0.59501	6.804500999429474e-9
0.6000099999999999	3.001961724767806e-9
0.6050099999999999	1.3240478361921804e-9
0.6100099999999999	5.831696875439964e-10
0.61501	2.559562979921962e-10
0.62001	1.124369946396635e-10
0.62501	4.9334586668075366e-11
0.63001	2.146265562976583e-11
0.63501	9.375845316727505e-12
0.64001	4.1065612819580225e-12
0.64501	1.757665331015743e-12
0.65001	7.613758284032247e-13
0.65501	3.374209810507027e-13
0.66001	1.4019552432653967e-13
0.66501	5.967740195580894e-14
0.67001	2.853604380619698e-14
0.67501	1.1587104849610645e-14
0.68001	4.73722368728473e-15
0.68501	3.1898729362199743e-15
0.69001	1.63151420918694e-15
0.69501	6.837023249220442e-16
0.70001	8.74550034147533e-16
0.70501	7.541175029872111e-16
0.71001	3.672288390093903e-16
0.71501	5.146614833686692e-16
0.72001	5.647096691850017e-16
0.7250099999999999	2.89372829659449e-16
0.7300099999999999	3.6878805783388215e-16
0.7350099999999999	4.477067615212835e-16
0.74001	2.291103678196044e-16
0.74501	2.7216983092333287e-16
0.75001	3.5415010382739374e-16
0.75501	1.7909867815143067e-16
0.76001	2.0067051757913115e-16
0.76501	2.7645122761181123e-16
0.77001	1.3928270423726602e-16
0.77501	1.4659370571350958e-16
0.78001	2.1188408057684202e-16
0.78501	1.0813728653394663e-16
0.79001	1.053143043922522e-16
0.79501	1.590978627061807e-16
0.80001	8.369421867362958e-17
0.80501	7.357060204503333e-17
0.81001	1.172379891232223e-16
0.81501	6.397334404528481e-17
0.82001	4.9222672500945285e-17
0.82501	8.522342911524696e-17
0.83001	4.7350027977306715e-17
0.83501	3.110308867258515e-17
0.84001	6.130780222910098e-17
0.84501	3.307410930887046e-17
0.8500099999999999	1.85924666204088e-17
0.8550099999999999	4.283603174331845e-17
0.8600099999999999	2.1666708645309632e-17
0.86501	1.0772101884475598e-17
0.87001	2.7242355729740918e-17
0.87501	1.406189192314865e-17
0.88001	5.732412922207103e-18
0.88501	1.481500678259011e-17
0.89001	8.45216895564263e-18
0.89501	1.9671787574821313e-18
0.90001	8.620097365390656e-18
0.90501	2.3455880027570116e-18
0.91001	4.8532889366319e-19
0.91501	9.535099194108028e-19
0.92001	8.911642940049434e-20
0.92501	1.542425814233652e-20
0.93001	1.1070442245098368e-20
0.93501	3.6373975427353667e-22
0.94001	3.852448633974663e-23
0.94501	9.10221642249147e-24
0.95001	8.612290956161169e-26
0.95501	3.446604242805024e-27
0.96001	1.7083145100101376e-28
0.96501	2.4082777754269378e-31
0.97001	1.2396248054298916e-33
0.9750099999999999	2.9642559518795677e-36
0.9800099999999999	5.919340955064628e-41
0.9850099999999999	5.7635113871447284e-46
0.99001	1.1707150486641308e-53
0.99501	2.696685305578085e-72