0.00001	1.5353367068783272e-58
0.00501	9.283316339622895e-21
0.01001	1.4058443316878188e-16
0.015009999999999999	3.714185160417588e-14
0.02001	1.8366432545024354e-12
0.02501	3.5838192540733665e-11
0.03001	3.8528120080927273e-10
0.03501	2.730315814597779e-9
0.04001	1.4211273229791795e-8
0.045009999999999994	5.831032785426009e-8
0.05001	1.9808021004318262e-7
0.05501	5.772448627085237e-7
0.06001	1.482160652225645e-6
0.06501	3.422906059084525e-6
0.07001	7.226340183127328e-6
0.07501	0.000014129751116155613
0.08001	0.000025861985223892346
0.08501	0.00004470008523766766
0.09000999999999999	0.00007349295177965851
0.09501	0.00011564807766862411
0.10000999999999999	0.00017508215809305312
0.10500999999999999	0.00025614022460200705
0.11001	0.0003634905869198754
0.11501	0.0005020041382570028
0.12000999999999999	0.0006766266688933409
0.12500999999999998	0.0008922520364524103
0.13001	0.0011536026898562083
0.13501	0.0014651224421765338
0.14001	0.00183088477102522
0.14501	0.0022545184430138626
0.15001	0.002739150994942638
0.15501	0.0032873696160405728
0.16001	0.0039011982810662096
0.16501	0.0045820894832275146
0.17001	0.005330928686610541
0.17501	0.006148049311381122
0.18001	0.007033256422702666
0.18501	0.007985857216833326
0.19001	0.009004696318265356
0.19501000000000002	0.0100881945553015
0.20001	0.011234389705621127
0.20501	0.012440978374765635
0.21001	0.013705357452926373
0.21501	0.015024664974631364
0.22001	0.016395819717671727
0.22501	0.017815558712442007
0.23001	0.019280472464985248
0.23501	0.02078703796556038
0.24001	0.02233164949370236
0.24501	0.023910646367281487
0.25001	0.02552033767551843
0.25501	0.027157025924641805
0.26001	0.02881702686313355
0.26501	0.03049668760861804
0.27001000000000003	0.032192402630123705
0.27501000000000003	0.03390062638252066
0.28001000000000004	0.035617887499734366
0.28501000000000004	0.03734079566406689
0.29001000000000005	0.03906605285316076
0.29501000000000005	0.04079045808467933
0.30001	0.04251091476188854
0.30501	0.04422443266975357
0.31001	0.045928133704693556
0.31501	0.0476192537530645
0.32001	0.04929513369995124
0.32501	0.050953246675602915
0.33001	0.052591165088871454
0.33501000000000003	0.05420657892466297
0.34001000000000003	0.05579728935176528
0.34501000000000004	0.05736120592544684
0.35001000000000004	0.05889633391826908
0.35501000000000005	0.0604007876776323
0.36001	0.061872776940263774
0.36501	0.06331057263219149
0.37001	0.0647125329321762
0.37501	0.06607708100790506
0.38001	0.06740261769827936
0.38501	0.06868759104846002
0.39001	0.06993035394561449
0.39501000000000003	0.07112914610493823
0.40001000000000003	0.07228192515911946
0.40501000000000004	0.07338626834719059
0.41001000000000004	0.07443906360216351
0.41501000000000005	0.07543612287764612
0.42001	0.07637162664494732
0.42501	0.07723722782784245
0.43001	0.07802049296357853
0.43501	0.07870332601781829
0.44001	0.07925826455597142
0.44501	0.07964379621313866
0.45001	0.07979859217515294
0.45501	0.07963140359027827
0.46001000000000003	0.07900987340029816
0.46501000000000003	0.07774885361279671
0.47001000000000004	0.0756041079475407
0.47501000000000004	0.07228343455210469
0.48001	0.06749626764084857
0.48501	0.06105920341647471
0.49001	0.053047550896484705
0.49501	0.043919407498819014
0.50001	0.03448767318611314
0.50501	0.025681691292997983
0.51001	0.018220606799401094
0.51501	0.012417470620849845
0.52001	0.00820753457447048
0.52501	0.005310210657672889
0.53001	0.0033893110517565117
0.53501	0.0021469209284999792
0.54001	0.0013555247774984297
0.54501	0.000855613037497887
0.55001	0.0005409662469193442
0.55501	0.0003430138064208462
0.56001	0.00021827515567346458
0.56501	0.00013944262258701784
0.57001	0.0000894403803439679
0.57501	0.0000575970415249119
0.58001	0.00003723305844771201
0.58501	0.00002415630381013458
0.59001	0.00001572539680656062
0.59501	0.000010268844483263356
0.6000099999999999	6.724699757932342e-6
0.6050099999999999	4.415090441654205e-6
0.6100099999999999	2.905320869785075e-6
0.61501	1.915673393617318e-6
0.62001	1.2653629602577577e-6
0.62501	8.370494260645894e-7
0.63001	5.544006307009035e-7
0.63501	3.67571597138108e-7
0.64001	2.438845426444814e-7
0.64501	1.6190219133115565e-7
0.65001	1.0751643618678372e-7
0.65501	7.140460867402352e-8
0.66001	4.741453476405974e-8
0.66501	3.1476150041399964e-8
0.67001	2.0883423948589774e-8
0.67501	1.384428087991848e-8
0.68001	9.17006202754345e-9
0.68501	6.066702621346624e-9
0.69001	4.007650121186124e-9
0.69501	2.643751309586509e-9
0.70001	1.7408457121829128e-9
0.70501	1.1437759770525839e-9
0.71001	7.500427671014887e-10
0.71501	4.906480472108797e-10
0.72001	3.1998632377296107e-10
0.7250099999999999	2.0817783142375046e-10
0.7300099999999999	1.3502482851062636e-10
0.7350099999999999	8.721989117533327e-11
0.74001	5.617570193928236e-11
0.74501	3.6051299802837716e-11
0.75001	2.3009668747727432e-11
0.75501	1.4636232029302893e-11
0.76001	9.273376785732081e-12
0.76501	5.831692460926832e-12
0.77001	3.653228199473024e-12
0.77501	2.2799533151495032e-12
0.78001	1.4079410171021552e-12
0.78501	8.65590573135843e-13
0.79001	5.309049186993089e-13
0.79501	3.2064180585086947e-13
0.80001	1.925563156962252e-13
0.80501	1.1587213324591094e-13
0.81001	6.810247439067309e-14
0.81501	3.9671089111344545e-14
0.82001	2.341036909322719e-14
0.82501	1.3311832909192161e-14
0.83001	7.437383230971541e-15
0.83501	4.319095980920784e-15
0.84001	2.3674802900197128e-15
0.84501	1.2435577093348128e-15
0.8500099999999999	7.190005279028747e-16
0.8550099999999999	3.8304044216757473e-16
0.8600099999999999	1.8398101075151362e-16
0.86501	1.0906139576089929e-16
0.87001	6.0045269079131e-17
0.87501	2.7669378171647228e-17
0.88001	1.744033991972794e-17
0.88501	1.1765578603237435e-17
0.89001	7.417247710401725e-18
0.89501	4.554314067772059e-18
0.90001	3.796333433848115e-18
0.90501	3.846965852904896e-18
0.91001	2.1348907731601696e-18
0.91501	1.648763427729733e-18
0.92001	2.1571842908397458e-18
0.92501	1.1000829540830876e-18
0.93001	6.926795025225387e-19
0.93501	1.0779235046372132e-18
0.94001	4.394875402925113e-19
0.94501	2.198296762072746e-19
0.95001	4.582250828875493e-19
0.95501	5.762830776946718e-20
0.96001	4.1360358153260754e-20
0.96501	1.734925517133889e-20
0.97001	1.3102588570400082e-22
0.9750099999999999	9.473307411903111e-23
0.9800099999999999	2.610885571121955e-24
0.9850099999999999	8.702189159114632e-29
0.99001	2.6388720734763232e-30
0.99501	1.9918794027048965e-38