0.00001	1.3915434831103443e-141
0.00501	8.319951432258236e-50
0.01001	1.2647594716562212e-39
0.015009999999999999	1.058243978508293e-33
0.02001	1.545832355822351e-29
0.02501	2.401371676559483e-26
0.03001	8.876389401518432e-24
0.03501	1.1998678733504867e-21
0.04001	7.668159974518999e-20
0.045009999999999994	2.7356266123132907e-18
0.05001	6.105286645476865e-17
0.05501	9.253322257961872e-16
0.06001	1.0131154888124408e-14
0.06501	8.409257452720028e-14
0.07001	5.50382273787015e-13
0.07501	2.936090824451013e-12
0.08001	1.3137582976449993e-11
0.08501	5.0560325486591475e-11
0.09000999999999999	1.7105426233192446e-10
0.09501	5.182305268621617e-10
0.10000999999999999	1.4275008570415676e-9
0.10500999999999999	3.618878020400466e-9
0.11001	8.526144101837636e-9
0.11501	1.881853425509267e-8
0.12000999999999999	3.917681711584948e-8
0.12500999999999998	7.73833336617128e-8
0.13001	1.4577611238891658e-7
0.13501	2.630960513213119e-7
0.14001	4.567311821962391e-7
0.14501	7.65335072855874e-7
0.15001	1.241764657622639e-6
0.15501	1.956253332249014e-6
0.16001	2.999711502913828e-6
0.16501	4.487031771442299e-6
0.17001	6.560265696705282e-6
0.17501	9.391536413322781e-6
0.18001	0.000013185560537445075
0.18501	0.000018181666131898693
0.19001	0.000024655211002345527
0.19501000000000002	0.00003291832779267921
0.20001	0.000043319948970330813
0.20501	0.000056245087928068934
0.21001	0.00007211337534746828
0.21501	0.00009137687402823363
0.22001	0.00011451721667238929
0.22501	0.0001420421236344174
0.23001	0.00017448136697604372
0.23501	0.00021238226675312965
0.24001	0.0002563048136959772
0.24501	0.00030681649035396225
0.25001	0.0003644868918638971
0.25501	0.00042988223277528616
0.26001	0.0005035598330381296
0.26501	0.0005860626320753498
0.27001000000000003	0.0006779138378417803
0.27501000000000003	0.0007796117509762971
0.28001000000000004	0.0008916248279099533
0.28501000000000004	0.0010143870277348843
0.29001000000000005	0.0011482934846651295
0.29501000000000005	0.00129369653321342
0.30001	0.0014509021119713712
0.30501	0.00162016656125218
0.31001	0.0018016938342228324
0.31501	0.001995633055786229
0.32001	0.002202076630438286
0.32501	0.002421058567525603
0.33001	0.002652553320244903
0.33501000000000003	0.0028964749521892224
0.34001000000000003	0.0031526766959546907
0.34501000000000004	0.0034209507997089513
0.35001000000000004	0.003701028723307916
0.35501000000000005	0.003992581631984334
0.36001	0.00429522127744091
0.36501	0.004608500593858703
0.37001	0.004931916062042165
0.37501	0.005264907310857325
0.38001	0.005606860496759384
0.38501	0.0059571092036809605
0.39001	0.00631493642878569
0.39501000000000003	0.006679576506394446
0.40001000000000003	0.007050218913152776
0.40501000000000004	0.0074259983191236455
0.41001000000000004	0.007806016779860286
0.41501000000000005	0.008189318412418427
0.42001	0.008574887752869268
0.42501	0.008961642898647607
0.43001	0.00934834715641922
0.43501	0.009733531669708154
0.44001	0.01011523539952154
0.44501	0.010490504490775512
0.45001	0.01085437694708045
0.45501	0.011197915490518623
0.46001000000000003	0.011504615014866494
0.46501000000000003	0.011744450501343807
0.47001000000000004	0.011865503254166323
0.47501000000000004	0.011785794064538368
0.48001	0.011393895240350031
0.48501	0.01057369423244718
0.49001	0.009264730588341784
0.49501	0.007538124852830671
0.50001	0.005622094080184252
0.50501	0.003820949781709471
0.51001	0.0023719414119904338
0.51501	0.0013572816884738338
0.52001	0.0007252844576835294
0.52501	0.0003669658367835192
0.53001	0.0001780423860366112
0.53501	0.00008371090312202504
0.54001	0.00003845997598845476
0.54501	0.000017375916326316727
0.55001	7.755357202042374e-6
0.55501	3.4311196507891946e-6
0.56001	1.508453716828021e-6
0.56501	6.60077284399976e-7
0.57001	2.8782581561522255e-7
0.57501	1.2519334797902875e-7
0.58001	5.433524847654004e-8
0.58501	2.3534872166036504e-8
0.59001	1.0181845334139853e-8
0.59501	4.397563702178647e-9
0.6000099999999999	1.8949315479253755e-9
0.6050099999999999	8.161652384661597e-10
0.6100099999999999	3.50887265448894e-10
0.61501	1.5018144568879872e-10
0.62001	6.435398071687449e-11
0.62501	2.7539551702208203e-11
0.63001	1.1655925531895154e-11
0.63501	4.963154787465464e-12
0.64001	2.1220200796376127e-12
0.64501	8.793678844570943e-13
0.65001	3.714709212612478e-13
0.65501	1.6226482361758424e-13
0.66001	6.448472209347709e-14
0.66501	2.7086401084781597e-14
0.67001	1.355419659675188e-14
0.67501	5.1378333339173305e-15
0.68001	2.352915998017454e-15
0.68501	2.0272410594768566e-15
0.69001	9.173220028430805e-16
0.69501	6.159568099760118e-16
0.70001	8.990495399735023e-16
0.70501	5.3485928796127e-16
0.71001	4.1034658827435195e-16
0.71501	6.37004531524134e-16
0.72001	4.2445836416496553e-16
0.7250099999999999	3.0528061720333657e-16
0.7300099999999999	4.861507916920656e-16
0.7350099999999999	3.4752461416392935e-16
0.74001	2.2352205755536517e-16
0.74501	3.7206072572313513e-16
0.75001	2.8395517217018402e-16
0.75501	1.6148558576123272e-16
0.76001	2.8161944434874427e-16
0.76501	2.2934531244697447e-16
0.77001	1.1615727996279884e-16
0.77501	2.09615400258552e-16
0.78001	1.8208448041101014e-16
0.78501	8.386955653640155e-17
0.79001	1.5242075061579023e-16
0.79501	1.4171297743972587e-16
0.80001	6.109225420328155e-17
0.80501	1.0726978172619192e-16
0.81001	1.082102958801853e-16
0.81501	4.467590598908033e-17
0.82001	7.216633380634455e-17
0.82501	8.132414133467078e-17
0.83001	3.212426957483804e-17
0.83501	4.581965873359228e-17
0.84001	6.012744121999407e-17
0.84501	2.2047364129119244e-17
0.8500099999999999	2.7303383403172818e-17
0.8550099999999999	4.2784464792428946e-17
0.8600099999999999	1.4452965700895795e-17
0.86501	1.5332888483410988e-17
0.87001	2.7479966464394692e-17
0.87501	9.849000145249046e-18
0.88001	7.726464400034598e-18
0.88501	1.4937453234910287e-17
0.89001	6.360905051110375e-18
0.89501	2.697314047961671e-18
0.90001	8.259278029710792e-18
0.90501	1.892328953034243e-18
0.91001	5.510309167199056e-19
0.91501	8.808689811407449e-19
0.92001	7.274042495522426e-20
0.92501	1.563629942656274e-20
0.93001	9.896886559561521e-21
0.93501	2.9361280953748097e-22
0.94001	3.6107143957253795e-23
0.94501	7.777932392363228e-24
0.95001	6.718815032405779e-26
0.95501	2.9609402087484887e-27
0.96001	1.3507357479150977e-28
0.96501	1.7337702802203778e-31
0.97001	9.22009660248438e-34
0.9750099999999999	1.973061053757011e-36
0.9800099999999999	3.383761086951873e-41
0.9850099999999999	2.868403986643005e-46
0.99001	3.8183663162977537e-54
0.99501	2.193418804256238e-73