0.00001	6.516998962926832e-50
0.00501	1.568773688538468e-17
0.01001	5.954389835819325e-14
0.015009999999999999	7.005371288242983e-12
0.02001	1.9535965294709245e-10
0.02501	2.4485952552225555e-9
0.03001	1.8372193573362355e-8
0.03501	9.628679181457135e-8
0.04001	3.869200851168921e-7
0.045009999999999994	1.2671756923323093e-6
0.05001	3.5287858497992046e-6
0.05501	8.61695431640588e-6
0.06001	0.000018882710853708155
0.06501	0.00003780124539535167
0.07001	0.00007011117656164621
0.07501	0.00012184439681385063
0.08001	0.00020023671202856947
0.08501	0.00031352937249994295
0.09000999999999999	0.0004706862581578681
0.09501	0.0006810591161931074
0.10000999999999999	0.0009540342976399303
0.10500999999999999	0.0012986906081318167
0.11001	0.001723491258175168
0.11501	0.0022360253112594813
0.12000999999999999	0.0028428068059022163
0.12500999999999998	0.0035491336458119845
0.13001	0.004359003740563792
0.13501	0.005275082759322287
0.14001	0.006298716064510594
0.14501	0.007429976634691675
0.15001	0.008667740761083542
0.15501	0.0100097838196555
0.16001	0.011452889348365304
0.16501	0.012992965663464641
0.17001	0.014625165144855134
0.17501	0.016344002234600117
0.18001	0.018143467480589193
0.18501	0.020017135674323824
0.19001	0.02195826632414247
0.19501000000000002	0.023959894943873298
0.20001	0.026014916620789502
0.20501	0.02811616001153621
0.21001	0.030256451949487076
0.21501	0.03242867418091153
0.22001	0.03462581221412534
0.22501	0.03684099632902695
0.23001	0.039067535183251935
0.23501	0.041298944022035676
0.24001	0.04352896760723607
0.24501	0.045751597153905206
0.25001	0.04796108230147808
0.25501	0.05015194160884683
0.26001	0.05231896729177283
0.26501	0.054457228897582706
0.27001000000000003	0.05656207143498853
0.27501000000000003	0.058629115344911574
0.28001000000000004	0.06065425362711559
0.28501000000000004	0.06263364452747118
0.29001000000000005	0.0645637060066866
0.29501000000000005	0.06644110998844875
0.30001	0.06826277093779595
0.30501	0.07002583997017733
0.31001	0.07172770142847613
0.31501	0.07336594520300503
0.32001	0.0749383783370687
0.32501	0.07644300258508384
0.33001	0.07787800757816689
0.33501000000000003	0.07924176069356581
0.34001000000000003	0.08053279926673287
0.34501000000000004	0.08174981276966602
0.35001000000000004	0.08289163456205363
0.35501000000000005	0.08395725646063949
0.36001	0.0849457267394904
0.36501	0.08585627161339159
0.37001	0.0866881508905696
0.37501	0.08744071572188603
0.38001	0.08811334612033989
0.38501	0.0887053510603815
0.39001	0.08921606333307915
0.39501000000000003	0.08964464736364691
0.40001000000000003	0.08998993654582238
0.40501000000000004	0.09025037148497513
0.41001000000000004	0.09042367925076347
0.41501000000000005	0.09050651550122597
0.42001	0.09049388151531886
0.42501	0.09037821259496674
0.43001	0.0901481069360884
0.43501	0.08978671654189947
0.44001	0.08926795890622027
0.44501	0.08855336942558721
0.45001	0.08758556241325981
0.45501	0.08628030644528056
0.46001000000000003	0.08451696888470446
0.46501000000000003	0.08212884999194305
0.47001000000000004	0.07889964341570316
0.47501000000000004	0.07457670417934277
0.48001	0.068918674254999
0.48501	0.061793155974274566
0.49001	0.053311693581330796
0.49501	0.043933878358037595
0.50001	0.03443098199241934
0.50501	0.025660931819135275
0.51001	0.018271678265951063
0.51501	0.01252939558722868
0.52001	0.008351629824983671
0.52501	0.005459582199438756
0.53001	0.003526354498200526
0.53501	0.0022632907688655275
0.54001	0.001449336135533701
0.54501	0.0009285569967095384
0.55001	0.0005962464376243887
0.55501	0.0003841354234776775
0.56001	0.00024844876735903744
0.56501	0.00016135817656570044
0.57001	0.00010523566894230254
0.57501	0.00006891413038292939
0.58001	0.000045304387375572346
0.58501	0.000029891868044598643
0.59001	0.00001978920069626849
0.59501	0.000013141201884312832
0.6000099999999999	8.75077513821435e-6
0.6050099999999999	5.841676878829985e-6
0.6100099999999999	3.908192660884362e-6
0.61501	2.6196384533758157e-6
0.62001	1.758815071686819e-6
0.62501	1.1824637826992257e-6
0.63001	7.958580106770139e-7
0.63501	5.361239008285966e-7
0.64001	3.613748578788146e-7
0.64501	2.4367722922957915e-7
0.65001	1.643440364630788e-7
0.65501	1.1082996997525072e-7
0.66001	7.471902464188618e-8
0.66501	5.035135762420833e-8
0.67001	3.390578449241938e-8
0.67501	2.2809969609628555e-8
0.68001	1.5329279195141668e-8
0.68501	1.0287931186319126e-8
0.69001	6.8934953246479374e-9
0.69501	4.611545308232179e-9
0.70001	3.078861042293698e-9
0.70501	2.050881085696194e-9
0.71001	1.3631428105189103e-9
0.71501	9.036491475015462e-10
0.72001	5.972190608767714e-10
0.7250099999999999	3.9361642527238063e-10
0.7300099999999999	2.585735484374775e-10
0.7350099999999999	1.6919115679807208e-10
0.74001	1.1033968120007555e-10
0.74501	7.167498691952174e-11
0.75001	4.632233012979793e-11
0.75501	2.9821792090179153e-11
0.76001	1.9111275589052486e-11
0.76501	1.2166614084722546e-11
0.77001	7.711214350453654e-12
0.77501	4.8629197817825905e-12
0.78001	3.039620309593258e-12
0.78501	1.8905306126342468e-12
0.79001	1.170042628529042e-12
0.79501	7.152780619675534e-13
0.80001	4.3479605681612124e-13
0.80501	2.633861718010335e-13
0.81001	1.5669141397418183e-13
0.81501	9.25719778153381e-14
0.82001	5.477148740590143e-14
0.82501	3.150418496550039e-14
0.83001	1.794497653048067e-14
0.83501	1.0374955672361102e-14
0.84001	5.7272239109253095e-15
0.84501	3.1020592290514018e-15
0.8500099999999999	1.76684343278959e-15
0.8550099999999999	9.293253186092634e-16
0.8600099999999999	4.668836798930162e-16
0.86501	2.7111294916764337e-16
0.87001	1.363526777138595e-16
0.87501	6.109213472871477e-17
0.88001	4.0921414138370915e-17
0.88501	2.0913988044189243e-17
0.89001	8.646855837770542e-18
0.89501	8.70094376826428e-18
0.90001	5.019348045419331e-18
0.90501	2.4414088593166e-18
0.91001	3.3946343822985376e-18
0.91501	2.0438225503404253e-18
0.92001	1.117925152511322e-18
0.92501	1.6925120348680795e-18
0.93001	9.511300359577411e-19
0.93501	4.597364124222759e-19
0.94001	7.763067938828058e-19
0.94501	3.752217198380699e-19
0.95001	1.324987687465518e-19
0.95501	2.632592052796048e-19
0.96001	9.17397053598003e-20
0.96501	7.623586641448556e-21
0.97001	9.488825561079767e-21
0.9750099999999999	3.5562595254649376e-22
0.9800099999999999	7.442687561565119e-24
0.9850099999999999	3.2182921324659612e-25
0.99001	3.9563700140861845e-29
0.99501	1.912572678493908e-36