0.00001	5.683050545540539e-136
0.00501	1.5535414241322304e-23
0.01001	8.924165140062748e-14
0.015009999999999999	4.762539313845632e-10
0.02001	4.4733575029265024e-8
0.02501	7.269286474793418e-7
0.03001	4.727811881382777e-6
0.03501	0.00001801715650918439
0.04001	0.00004897793788532913
0.045009999999999994	0.00010615569289995805
0.05001	0.00019626519267467444
0.05501	0.00032321563215781076
0.06001	0.00048805698814701875
0.06501	0.0006894575117292619
0.07001	0.000924371458598341
0.07501	0.0011886834827472533
0.08001	0.001477746979119437
0.08501	0.001786779793127716
0.09000999999999999	0.002111139428113186
0.09501	0.0024464917319984886
0.10000999999999999	0.002788909116435405
0.10500999999999999	0.003134913353530551
0.11001	0.00348147414366428
0.11501	0.0038260011242310073
0.12000999999999999	0.004166303014746601
0.12500999999999998	0.004500551966378197
0.13001	0.0048272746780302
0.13501	0.0051452454294498426
0.14001	0.005453517406774072
0.14501	0.005751350080445971
0.15001	0.006038187264854533
0.15501	0.006313635839845521
0.16001	0.006577423815288221
0.16501	0.006829404569858154
0.17001	0.0070695138390374015
0.17501	0.00729776398411628
0.18001	0.007514241089552473
0.18501	0.00771906147099394
0.19001	0.007912402218516058
0.19501000000000002	0.008094484046329365
0.20001	0.008265505675099214
0.20501	0.008425736529977397
0.21001	0.00857543893971577
0.21501	0.008714883076621644
0.22001	0.008844346111259666
0.22501	0.008964122474124583
0.23001	0.009074493648349417
0.23501	0.009175746937835612
0.24001	0.00926815787149316
0.24501	0.009352031852577563
0.25001	0.009427615497925665
0.25501	0.009495201112049075
0.26001	0.009555042166729429
0.26501	0.009607411408927409
0.27001000000000003	0.009652534876322297
0.27501000000000003	0.009690674828873149
0.28001000000000004	0.009722067845872475
0.28501000000000004	0.009746944042252665
0.29001000000000005	0.00976552773233785
0.29501000000000005	0.009778032271786712
0.30001	0.009784664211141781
0.30501	0.009785624673022813
0.31001	0.009781117846816435
0.31501	0.009771318468743207
0.32001	0.009756412800732594
0.32501	0.009736571101606101
0.33001	0.009711970394707179
0.33501000000000003	0.0096827605434414
0.34001000000000003	0.009649104613088433
0.34501000000000004	0.009611145393942429
0.35001000000000004	0.009569043631793344
0.35501000000000005	0.009522916111593116
0.36001	0.009472909302136859
0.36501	0.009419156424053691
0.37001	0.009361769083850915
0.37501	0.009300870444798609
0.38001	0.009236583884756702
0.38501	0.009169004543438079
0.39001	0.009098246652117661
0.39501000000000003	0.009024415716937203
0.40001000000000003	0.008947606989814231
0.40501000000000004	0.008867917799556169
0.41001000000000004	0.00878543492729548
0.41501000000000005	0.0087002453900529
0.42001	0.008612439431161918
0.42501	0.008522099174148265
0.43001	0.008429300619404086
0.43501	0.008334115287767164
0.44001	0.008236623837348085
0.44501	0.008136892208741583
0.45001	0.008034989273875566
0.45501	0.007930983101436388
0.46001000000000003	0.007824927118144856
0.46501000000000003	0.0077168850184954774
0.47001000000000004	0.007606894384748004
0.47501000000000004	0.007494944631995134
0.48001	0.007380757393782826
0.48501	0.007262491642096996
0.49001	0.0071256831723975475
0.49501	0.006784644772038926
0.50001	0.00337763109605922
0.50501	0.00021599315797875886
0.51001	0.000019622253451179274
0.51501	2.912434109965287e-6
0.52001	5.633985629115325e-7
0.52501	1.2763787843726925e-7
0.53001	3.207519706743818e-8
0.53501	8.669059440212589e-9
0.54001	2.4720728296069727e-9
0.54501	7.344791180508884e-10
0.55001	2.2526723351976484e-10
0.55501	7.088918911739594e-11
0.56001	2.277917238890968e-11
0.56501	7.441725957176225e-12
0.57001	2.465681992794262e-12
0.57501	8.27058352554173e-13
0.58001	2.795462468581602e-13
0.58501	9.825578988119924e-14
0.59001	3.2761262909775035e-14
0.59501	1.131171035224651e-14
0.6000099999999999	3.8969430279197746e-15
0.6050099999999999	3.5069792704994043e-15
0.6100099999999999	6.811465640543015e-16
0.61501	1.8699095864349452e-16
0.62001	7.807689824927761e-17
0.62501	3.700486652721704e-17
0.63001	1.7395171528816428e-17
0.63501	1.0396680028146744e-17
0.64001	6.180329730348003e-17
0.64501	1.4119257519291415e-17
0.65001	5.202414529551232e-18
0.65501	6.71872245586731e-18
0.66001	8.848303024846574e-18
0.66501	1.5886319431411894e-17
0.67001	2.8889080962811565e-18
0.67501	7.833564261155336e-15
0.68001	6.895628585476927e-18
0.68501	9.215555814962819e-18
0.69001	4.1921078343986014e-17
0.69501	3.3550058550756167e-18
0.70001	1.6683278869119804e-18
0.70501	1.5606117749730842e-17
0.71001	5.279795865415648e-18
0.71501	6.25304289220045e-18
0.72001	7.99301735750879e-18
0.7250099999999999	3.237147601213276e-17
0.7300099999999999	2.4064482978591826e-17
0.7350099999999999	1.3391345534586362e-16
0.74001	4.679662827756331e-18
0.74501	4.6609468538116e-18
0.75001	4.175226991954999e-18
0.75501	1.3631327082431995e-16
0.76001	4.260021868185757e-18
0.76501	5.622835019263727e-18
0.77001	5.5002378449615865e-18
0.77501	2.359947753903019e-18
0.78001	2.770252719569706e-15
0.78501	3.69062763079937e-18
0.79001	6.081705099761234e-17
0.79501	6.282396338189666e-18
0.80001	1.4523017123557152e-13
0.80501	7.118142878327128e-18
0.81001	1.0479314818066584e-17
0.81501	3.025357930545529e-16
0.82001	6.779224438943322e-18
0.82501	2.27218802161938e-18
0.83001	1.0772230197459651e-17
0.83501	1.8790326514250746e-17
0.84001	8.595831799385482e-17
0.84501	6.845679415414158e-18
0.8500099999999999	2.5678482267403926e-17
0.8550099999999999	1.5807608525776445e-17
0.8600099999999999	6.549262174647932e-18
0.86501	2.6983374946779714e-18
0.87001	3.701866478747222e-18
0.87501	1.479711074985086e-18
0.88001	6.656448099700415e-19
0.88501	5.603344173325974e-19
0.89001	6.08227026993518e-19
0.89501	3.660516769962632e-19
0.90001	1.5017390363372243e-18
0.90501	1.1091724150642477e-19
0.91001	1.6111305298740205e-18
0.91501	1.748097509173773e-18
0.92001	7.681968822550331e-19
0.92501	6.598340170231255e-20
0.93001	2.1828287549071615e-20
0.93501	1.350194508488965e-20
0.94001	2.090156439836494e-19
0.94501	8.180800934382284e-21
0.95001	1.843764997104855e-21
0.95501	2.2529648075643006e-21
0.96001	1.610885058153209e-21
0.96501	5.573241351327984e-22
0.97001	4.263320893434053e-22
0.9750099999999999	1.2584161387491329e-22
0.9800099999999999	1.0076393578245448e-22
0.9850099999999999	3.265601343824703e-23
0.99001	4.031637242328803e-26
0.99501	4.714835032272336e-35