0.00001	5.122046910399312e-16
0.00501	0.00002377489412527401
0.01001	0.0001822264890129786
0.015009999999999999	0.0004133502557539666
0.02001	0.0006261587119463235
0.02501	0.0007975076014158308
0.03001	0.0009304624642837154
0.03501	0.0010330405468144599
0.04001	0.0011125507862858634
0.045009999999999994	0.001174644684255688
0.05001	0.0012234996529131312
0.05501	0.0012621756927158436
0.06001	0.0012929233273840006
0.06501	0.0013174195850032696
0.07001	0.0013369232360559802
0.07501	0.0013523948666421196
0.08001	0.0013645764620847508
0.08501	0.0013740461487173907
0.09000999999999999	0.0013812612127529576
0.09501	0.0013865852741475812
0.10000999999999999	0.0013903130937207595
0.10500999999999999	0.0013926820353071885
0.11001	0.0013938858813458202
0.11501	0.0013940917529709261
0.12000999999999999	0.0013934285957614779
0.12500999999999998	0.001392009137832684
0.13001	0.0013899297598259593
0.13501	0.001387269117904435
0.14001	0.0013840955731563842
0.14501	0.001380469220637869
0.15001	0.0013764389662905526
0.15501	0.001372048231352406
0.16001	0.001367335452707098
0.16501	0.0013623325093173573
0.17001	0.0013570690409766954
0.17501	0.0013515709287403787
0.18001	0.0013458583835038451
0.18501	0.0013399527473971229
0.19001	0.0013338708993202242
0.19501000000000002	0.0013276277410711153
0.20001	0.0013212388100854891
0.20501	0.0013147150828851017
0.21001	0.001308068618494883
0.21501	0.001301307333477163
0.22001	0.0012944428307552118
0.22501	0.0012874816754573333
0.23001	0.0012804309663888435
0.23501	0.0012732981192610055
0.24001	0.0012660891315564547
0.24501	0.0012588095038137276
0.25001	0.0012514634315182688
0.25501	0.0012440561144691088
0.26001	0.001236591411655025
0.26501	0.001229073499576222
0.27001000000000003	0.0012215065750771463
0.27501000000000003	0.0012138919906890026
0.28001000000000004	0.0012062338841360275
0.28501000000000004	0.0011985348891295653
0.29001000000000005	0.0011907977147039104
0.29501000000000005	0.0011830242214414743
0.30001	0.0011752173014671133
0.30501	0.001167377477333279
0.31001	0.001159508970353045
0.31501	0.0011516103400998805
0.32001	0.0011436860406861208
0.32501	0.0011357357954634452
0.33001	0.0011277622256650574
0.33501000000000003	0.0011197656871135965
0.34001000000000003	0.001111747896733626
0.34501000000000004	0.0011037094906395073
0.35001000000000004	0.0010956523033044633
0.35501000000000005	0.0010875760414888842
0.36001	0.0010794829916159674
0.36501	0.0010713739311263924
0.37001	0.0010632485756123247
0.37501	0.0010551081232161893
0.38001	0.0010469535625961689
0.38501	0.0010387855638375194
0.39001	0.0010306047927423879
0.39501000000000003	0.001022410963059168
0.40001000000000003	0.0010142054594729354
0.40501000000000004	0.0010059884119152061
0.41001000000000004	0.0009977601750437277
0.41501000000000005	0.0009895216493936482
0.42001	0.0009812729967174612
0.42501	0.0009730134508738289
0.43001	0.0009647439344370091
0.43501	0.0009564644294561283
0.44001	0.0009481740060183097
0.44501	0.0009398716228632308
0.45001	0.0009315554867077028
0.45501	0.0009232224078785642
0.46001000000000003	0.0009148651040683537
0.46501000000000003	0.0009064710300599837
0.47001000000000004	0.0008980096627181801
0.47501000000000004	0.0008894116275229625
0.48001	0.0008804820715846021
0.48501	0.0008705459710017116
0.49001	0.0008563459816357443
0.49501	0.00081009257328134
0.50001	0.00040522446087199604
0.50501	0.00003629069229141357
0.51001	6.034830684015858e-6
0.51501	1.78883619407595e-6
0.52001	7.168786290311184e-7
0.52501	3.429544834544814e-7
0.53001	1.8409903954868994e-7
0.53501	1.5096020423573714e-6
0.54001	6.609407794115456e-8
0.54501	4.2684078779028165e-8
0.55001	2.8565029335027237e-8
0.55501	1.9674126248627637e-8
0.56001	1.3875145975438282e-8
0.56501	9.980226028436504e-9
0.57001	7.302377140020037e-9
0.57501	5.4195775836764816e-9
0.58001	4.0731218082918655e-9
0.58501	3.094647113409739e-9
0.59001	2.3738893533765125e-9
0.59501	1.8366389704861054e-9
0.6000099999999999	1.4316010066073527e-9
0.6050099999999999	1.1244602805439753e-9
0.6100099999999999	8.874239891221012e-10
0.61501	7.059253241664173e-10
0.62001	5.620178133128835e-10
0.62501	4.503807156837786e-10
0.63001	3.62907566822872e-10
0.63501	2.9277676847640624e-10
0.64001	2.37259645991314e-10
0.64501	1.9296925176819045e-10
0.65001	1.5877005572729007e-10
0.65501	1.2907662483075902e-10
0.66001	1.0539188419359429e-10
0.66501	8.659005644113917e-11
0.67001	7.124379650793772e-11
0.67501	5.878545300304833e-11
0.68001	4.8336588826178205e-11
0.68501	4.009346752373011e-11
0.69001	3.330650542938631e-11
0.69501	3.5884431997321934e-11
0.70001	1.1469627469678727e-6
0.70501	1.891528147244214e-11
0.71001	1.5712148601487635e-11
0.71501	1.3069442031149182e-11
0.72001	1.093430870482451e-11
0.7250099999999999	9.030588380608604e-12
0.7300099999999999	7.513417906013785e-12
0.7350099999999999	6.28676560472429e-12
0.74001	5.203275583436417e-12
0.74501	4.3569279883626364e-12
0.75001	3.60387132446739e-12
0.75501	2.9947911551056575e-12
0.76001	1.2912187534025248e-8
0.76501	4.28996537228688e-9
0.77001	1.7148168301921147e-12
0.77501	1.4227882241982368e-12
0.78001	1.1777343801625822e-12
0.78501	9.770400267365224e-13
0.79001	8.145176919389647e-13
0.79501	6.750585017048861e-13
0.80001	5.466922603254055e-13
0.80501	4.490045922350189e-13
0.81001	3.692523782387039e-13
0.81501	3.021962703099577e-13
0.82001	2.45816343306661e-13
0.82501	2.020384848107185e-13
0.83001	1.6711050563423953e-13
0.83501	1.3236492954947122e-13
0.84001	1.0734584527612498e-13
0.84501	9.221771222739979e-14
0.8500099999999999	9.80995653797642e-14
0.8550099999999999	7.042362998608904e-14
0.8600099999999999	4.297575861705927e-14
0.86501	3.385678027815923e-14
0.87001	2.6496751749222338e-14
0.87501	2.071187439173571e-14
0.88001	1.7502725161268226e-14
0.88501	1.2378727546600713e-14
0.89001	1.2072379018880998e-14
0.89501	7.553814876506417e-15
0.90001	5.4114664919431965e-15
0.90501	3.834944471719431e-15
0.91001	3.355372065220493e-15
0.91501	2.8587219021756102e-15
0.92001	4.8380386189626285e-15
0.92501	1.0163242093814297e-15
0.93001	7.421365835784e-16
0.93501	4.342311502159397e-16
0.94001	2.7850231215004825e-16
0.94501	1.940171246544368e-16
0.95001	1.3930997348966224e-16
0.95501	1.0576156784793397e-15
0.96001	1.1956156544965104e-16
0.96501	1.520745847727737e-17
0.97001	6.8927341894963925e-18
0.9750099999999999	3.0566421732152633e-18
0.9800099999999999	1.1950248157098375e-17
0.9850099999999999	7.329528349437669e-19
0.99001	2.3947284934511834e-20
0.99501	7.162174639323591e-22