0.00001	2.4562029529802502e-9
0.00501	0.0004470520708927439
0.01001	0.0010167841477784216
0.015009999999999999	0.001358372965981591
0.02001	0.0015520370912885488
0.02501	0.0016659593198890613
0.03001	0.0017352934404907937
0.03501	0.0017781260459452087
0.04001	0.0018042955309816558
0.045009999999999994	0.001819477334254174
0.05001	0.001827121545029845
0.05501	0.0018294206192503233
0.06001	0.0018278203100887533
0.06501	0.0018233094793248335
0.07001	0.0018165778742956294
0.07501	0.0018081241464580605
0.08001	0.0017983112392484081
0.08501	0.0017874150702805044
0.09000999999999999	0.0017756386393770812
0.09501	0.0017631434781057447
0.10000999999999999	0.0017500554274033544
0.10500999999999999	0.0017364723253047226
0.11001	0.0017224727469766184
0.11501	0.0017081208320964198
0.12000999999999999	0.0016934690345515335
0.12500999999999998	0.0016785592197772691
0.13001	0.0016634270687199098
0.13501	0.0016481027201877617
0.14001	0.0016326090614140647
0.14501	0.0016169686415739455
0.15001	0.0016011989034623601
0.15501	0.001585314770246917
0.16001	0.0015693288764512775
0.16501	0.0015532525190166994
0.17001	0.0015370963948170152
0.17501	0.0015208681716080352
0.18001	0.0015045750470150374
0.18501	0.0014882233215940907
0.19001	0.0014718185480405773
0.19501000000000002	0.001455365450708757
0.20001	0.0014388718390354566
0.20501	0.0014223369151938625
0.21001	0.0014057668775260554
0.21501	0.0013891633337102373
0.22001	0.0013725296076200178
0.22501	0.0013558697594406694
0.23001	0.001339184001520953
0.23501	0.0013224746343372539
0.24001	0.001305744323215043
0.24501	0.0012889940285929456
0.25001	0.0012722256857582825
0.25501	0.0012554401589301035
0.26001	0.0012386392723393572
0.26501	0.00122182348325735
0.27001000000000003	0.0012049942779951443
0.27501000000000003	0.001188152412409343
0.28001000000000004	0.0011712989767870532
0.28501000000000004	0.0011544345351903185
0.29001000000000005	0.0011375590567028351
0.29501000000000005	0.0011206758880179656
0.30001	0.0011037823315813847
0.30501	0.0010868808354846636
0.31001	0.0010699706649989881
0.31501	0.0010530543448085956
0.32001	0.0010361304337827427
0.32501	0.001019200072332635
0.33001	0.0010022636890930894
0.33501000000000003	0.0009853211988648163
0.34001000000000003	0.0009683732417260465
0.34501000000000004	0.000951420849375206
0.35001000000000004	0.0009344628472139988
0.35501000000000005	0.0009175007741131284
0.36001	0.0009005339287657465
0.36501	0.0008835629052392297
0.37001	0.0008665880526254896
0.37501	0.0008496094686236463
0.38001	0.0008326263314957939
0.38501	0.0008156417338671548
0.39001	0.0007986532964133601
0.39501000000000003	0.0007816615821696369
0.40001000000000003	0.0007646669819235446
0.40501000000000004	0.0007476697341053744
0.41001000000000004	0.0007306691783439348
0.41501000000000005	0.0007136666800987943
0.42001	0.0006966605643716986
0.42501	0.0006796521169280943
0.43001	0.0006626410090498616
0.43501	0.0006456268330417186
0.44001	0.0006286095022856868
0.44501	0.0006115884749496711
0.45001	0.0005945619469505965
0.45501	0.0005775286007686956
0.46001000000000003	0.0005604852152158733
0.46501000000000003	0.0005434241141979663
0.47001000000000004	0.0005263303211074002
0.47501000000000004	0.0005091681220020895
0.48001	0.0004918373085384243
0.48501	0.0004739972764743198
0.49001	0.00045400375635334033
0.49501	0.00041792729477873686
0.50001	0.0002042290335349633
0.50501	0.000018123164180316734
0.51001	3.009011462582055e-6
0.51501	8.936613802014999e-7
0.52001	3.597049264684157e-7
0.52501	1.731557868131077e-7
0.53001	9.365627761316428e-8
0.53501	5.496345313415819e-8
0.54001	3.425376869268011e-8
0.54501	2.234980079655556e-8
0.55001	1.512254023354731e-8
0.55501	1.053350361963382e-8
0.56001	7.520249825833664e-9
0.56501	1.5185337347483466e-8
0.57001	4.056829156006993e-9
0.57501	3.0489947465446198e-9
0.58001	2.3203599128714147e-9
0.58501	1.7856124237551798e-9
0.59001	1.387367309327526e-9
0.59501	1.0867886563029445e-9
0.6000099999999999	8.580681521352851e-10
0.6050099999999999	6.814788096382831e-10
0.6100099999999999	5.449443976524669e-10
0.61501	4.490247594679907e-10
0.62001	3.538132732048733e-10
0.62501	2.870373446736564e-10
0.63001	2.3388613852450063e-10
0.63501	1.9091679531579242e-10
0.64001	1.5652951877695278e-10
0.64501	1.2875852430879997e-10
0.65001	1.06089968059108e-10
0.65501	8.763527248270811e-11
0.66001	7.242343553064867e-11
0.66501	6.016448782865416e-11
0.67001	4.9971046422232895e-11
0.67501	4.154001944850803e-11
0.68001	3.499591241077641e-11
0.68501	2.8854482388815108e-11
0.69001	2.4073424300131347e-11
0.69501	2.011449317794784e-11
0.70001	6.897412558355754e-8
0.70501	1.4014726137883101e-11
0.71001	1.1840054657293208e-11
0.71501	9.800276681802737e-12
0.72001	8.21085297853933e-12
0.7250099999999999	6.859786823139625e-12
0.7300099999999999	5.7496330006304305e-12
0.7350099999999999	4.792928049101486e-12
0.74001	4.000373537211715e-12
0.74501	3.3404404638835675e-12
0.75001	2.785788617654533e-12
0.75501	2.3253776101754393e-12
0.76001	1.93435917307664e-12
0.76501	1.6088279130171579e-12
0.77001	1.3389561105106447e-12
0.77501	1.1089805799675355e-12
0.78001	9.19348017484394e-13
0.78501	7.633460608323742e-13
0.79001	6.67859871504373e-13
0.79501	5.178623162125826e-13
0.80001	4.258421440174679e-13
0.80501	3.643308030711971e-13
0.81001	2.9046968326523315e-13
0.81501	2.3238036055653064e-13
0.82001	1.8931992692516183e-13
0.82501	1.5403198253107243e-13
0.83001	1.239643992291187e-13
0.83501	1.0055362578867853e-13
0.84001	8.351929551750476e-14
0.84501	6.853986511666355e-14
0.8500099999999999	5.0744420380055627e-14
0.8550099999999999	4.0312649415380475e-14
0.8600099999999999	3.148971047479768e-14
0.86501	2.4627783595208077e-14
0.87001	1.9141312450233907e-14
0.87501	1.501433564809088e-14
0.88001	1.1341806764837813e-14
0.88501	8.586917467996062e-15
0.89001	6.503944919294937e-15
0.89501	4.818222919518711e-15
0.90001	2.823366729280945e-13
0.90501	2.588933533178494e-15
0.91001	1.8486427269311495e-15
0.91501	1.4617151568992748e-15
0.92001	1.1841960424275486e-15
0.92501	7.253864184710759e-16
0.93001	4.670565326162178e-16
0.93501	2.665127321547753e-16
0.94001	1.7051278730469226e-16
0.94501	1.095915445418168e-16
0.95001	1.2690368955130245e-16
0.95501	4.314757009141091e-16
0.96001	8.053939729123634e-17
0.96501	8.584288433631876e-18
0.97001	4.319883765200082e-16
0.9750099999999999	3.786614747348669e-17
0.9800099999999999	1.6203149344229148e-18
0.9850099999999999	2.8691257742397637e-19
0.99001	1.5144771958417536e-20
0.99501	3.6594936347167536e-19