0.00001	1.2922789795170447e-190
0.00501	9.601587599019563e-35
0.01001	1.5126629698776007e-19
0.015009999999999999	2.8763090245947435e-13
0.02001	1.8007127757065835e-10
0.02501	9.238513452039439e-9
0.03001	1.3106313298020208e-7
0.03501	8.76701924200455e-7
0.04001	3.64360515722681e-6
0.045009999999999994	0.000011000558834474899
0.05001	0.000026530660354758968
0.05501	0.00005432368183202832
0.06001	0.0000983714474517049
0.06501	0.00016207067412516812
0.07001	0.0002479200345847522
0.07501	0.0003574075208113307
0.08001	0.0004910416387832156
0.08501	0.0006484702161455721
0.09000999999999999	0.0008286428807012186
0.09501	0.001029980158634442
0.10000999999999999	0.0012505368509843566
0.10500999999999999	0.0014881369625777384
0.11001	0.0017404925466694464
0.11501	0.002005288487015696
0.12000999999999999	0.0022802550292124754
0.12500999999999998	0.002563217263110777
0.13001	0.002852122045234809
0.13501	0.0031450632638319077
0.14001	0.0034402888589502296
0.14501	0.0037362116884380268
0.15001	0.004031403307797835
0.15501	0.004324583150783036
0.16001	0.004614636308859186
0.16501	0.0049005674674652295
0.17001	0.0051815053968824396
0.17501	0.005456717058377863
0.18001	0.005725558427675669
0.18501	0.005987482333286324
0.19001	0.006242075581853498
0.19501000000000002	0.006488920522320715
0.20001	0.006727737149865619
0.20501	0.00695827999880485
0.21001	0.007180369945283652
0.21501	0.007393871245792987
0.22001	0.007598691950086218
0.22501	0.007794782552870989
0.23001	0.007982124702177535
0.23501	0.008160723295861722
0.24001	0.008330620986074856
0.24501	0.008491865271840426
0.25001	0.008644539163486026
0.25501	0.008788726677630856
0.26001	0.008924540039428374
0.26501	0.009052092915320633
0.27001000000000003	0.009171509588625075
0.27501000000000003	0.009282925080829738
0.28001000000000004	0.009386474181042274
0.28501000000000004	0.009482307756966448
0.29001000000000005	0.00957057416128455
0.29501000000000005	0.009651413136334058
0.30001	0.009725002171921014
0.30501	0.009791459979932327
0.31001	0.009850976724483944
0.31501	0.009903686378556893
0.32001	0.009949748423488607
0.32501	0.009989319374163063
0.33001	0.010022546332905394
0.33501000000000003	0.01004958217307837
0.34001000000000003	0.010070573344205313
0.34501000000000004	0.010085672905061592
0.35001000000000004	0.010095006654258894
0.35501000000000005	0.010098736879854374
0.36001	0.01009699636557844
0.36501	0.010089909215317017
0.37001	0.010077628702704336
0.37501	0.010060270332343309
0.38001	0.010037963059845887
0.38501	0.010010839533265094
0.39001	0.009979011383148582
0.39501000000000003	0.00994260042658342
0.40001000000000003	0.00990173317673586
0.40501000000000004	0.009856509871505046
0.41001000000000004	0.00980703881707913
0.41501000000000005	0.00975344907566381
0.42001	0.009695827274624461
0.42501	0.009634267967179973
0.43001	0.009568890498727353
0.43501	0.009499772606178687
0.44001	0.009427027541372843
0.44501	0.009350734175766465
0.45001	0.009270984966909968
0.45501	0.009187865865001534
0.46001000000000003	0.009101460817475438
0.46501000000000003	0.009011856224027209
0.47001000000000004	0.00891911502863372
0.47501000000000004	0.008823292920175325
0.48001	0.008724294945181664
0.48501	0.00862089731809491
0.49001	0.008500566403097822
0.49501	0.008163096939660807
0.50001	0.004058153604913967
0.50501	0.0002190716580766861
0.51001	0.000015165317603497187
0.51501	1.6797028459682796e-6
0.52001	2.4109841012447817e-7
0.52501	4.0448213695355026e-8
0.53001	7.520806941216778e-9
0.53501	1.5034101880210633e-9
0.54001	3.17009739596293e-10
0.54501	6.960839280753459e-11
0.55001	1.578071262601855e-11
0.55501	3.669016527615998e-12
0.56001	8.712939810827455e-13
0.56501	2.100175856413509e-13
0.57001	5.1345282570815826e-14
0.57501	1.2834159731957152e-14
0.58001	3.2093101235062095e-15
0.58501	8.142490068950287e-16
0.59001	2.223336813145332e-16
0.59501	6.846540848572125e-17
0.6000099999999999	1.4201554522851153e-16
0.6050099999999999	1.9465703447935695e-17
0.6100099999999999	1.4409206778104308e-17
0.61501	3.235296063137212e-17
0.62001	7.14502176469841e-18
0.62501	5.256530709352567e-18
0.63001	7.032429158725129e-17
0.63501	2.0311744563882985e-17
0.64001	1.9851441022801877e-15
0.64501	1.2813508751654836e-17
0.65001	7.040381920187683e-18
0.65501	6.1297814044025415e-18
0.66001	9.49692142792825e-18
0.66501	1.1076958984604046e-17
0.67001	1.1980179567747381e-17
0.67501	5.702343804362253e-18
0.68001	5.4915086302122215e-18
0.68501	7.869504631221608e-18
0.69001	1.4818135596142448e-17
0.69501	8.368525642192653e-18
0.70001	2.36429726509167e-18
0.70501	2.9010200349439262e-18
0.71001	1.2901429629213578e-17
0.71501	4.316414169178004e-18
0.72001	2.594836256342428e-18
0.7250099999999999	1.0494495151639211e-17
0.7300099999999999	9.446485260210502e-18
0.7350099999999999	9.326415449921488e-18
0.74001	8.341160682641224e-18
0.74501	6.596793874730533e-18
0.75001	9.58888624936323e-18
0.75501	3.99602753466107e-18
0.76001	3.963944888463753e-18
0.76501	1.4061507294505217e-18
0.77001	1.3814244126496095e-18
0.77501	2.214734173515656e-18
0.78001	3.608575980632425e-18
0.78501	7.981461048815749e-18
0.79001	5.463335582666029e-18
0.79501	4.405850793377743e-18
0.80001	6.1991960323233196e-18
0.80501	6.698442107501223e-19
0.81001	1.8154680433777243e-18
0.81501	9.633984767927028e-19
0.82001	4.3669710087316894e-16
0.82501	4.847642157036789e-17
0.83001	1.5812420076635911e-18
0.83501	4.165652787027443e-18
0.84001	8.848519066759249e-17
0.84501	1.807556798241379e-17
0.8500099999999999	8.409655200556819e-18
0.8550099999999999	6.815339470937301e-18
0.8600099999999999	5.167215681689833e-18
0.86501	7.524005089766712e-18
0.87001	2.388641157490062e-18
0.87501	7.698274036316146e-19
0.88001	2.5297571332891077e-19
0.88501	2.265080974197727e-19
0.89001	3.676275580704017e-19
0.89501	5.253187166996906e-20
0.90001	2.0844348381918636e-19
0.90501	2.943195148811727e-18
0.91001	3.2292689625956134e-19
0.91501	4.3481796523167317e-20
0.92001	4.0159362348055475e-20
0.92501	1.6405739135526335e-20
0.93001	1.4345081328721776e-20
0.93501	4.217403472507066e-21
0.94001	3.1115451112105853e-21
0.94501	3.1545568191898834e-21
0.95001	2.3357421532369535e-21
0.95501	9.687460566440704e-22
0.96001	2.1040415497166334e-21
0.96501	8.028042572943553e-22
0.97001	3.296650092755079e-22
0.9750099999999999	9.283162658012465e-23
0.9800099999999999	9.684073516146295e-23
0.9850099999999999	1.3600203248545138e-23
0.99001	4.7427615612373245e-31
0.99501	9.648877827353327e-46