0.00001	2.0629550895057035e-40
0.00501	1.5368808292172337e-8
0.01001	5.567133911333893e-6
0.015009999999999999	0.0000626941723225093
0.02001	0.00022338253904179554
0.02501	0.0004807484562674911
0.03001	0.0007971309157305662
0.03501	0.0011367252190837406
0.04001	0.0014749780250916146
0.045009999999999994	0.0017975542203626323
0.05001	0.0020971813203358065
0.05501	0.0023709581382086913
0.06001	0.002618499971340865
0.06501	0.0028407936873075033
0.07001	0.0030395019475212134
0.07501	0.0032165605373725027
0.08001	0.003373966780144845
0.08501	0.003513626303285079
0.09000999999999999	0.003637336972292653
0.09501	0.0037467236591020854
0.10000999999999999	0.003843263065037733
0.10500999999999999	0.003928268806263699
0.11001	0.0040029172267831295
0.11501	0.004068244057515359
0.12000999999999999	0.004125179875706962
0.12500999999999998	0.004174542029134886
0.13001	0.0042170549910730435
0.13501	0.004253375936771634
0.14001	0.00428406874630408
0.14501	0.004309648934134268
0.15001	0.0043305707655774146
0.15501	0.0043472454785624375
0.16001	0.004360036746000149
0.16501	0.0043692723975436954
0.17001	0.004375246070335198
0.17501	0.004378227840978849
0.18001	0.004378438913171794
0.18501	0.004376116444570304
0.19001	0.004371445041975799
0.19501000000000002	0.004364607652787216
0.20001	0.00435575622952666
0.20501	0.004345045365855675
0.21001	0.0043326030672733275
0.21501	0.0043185547289306195
0.22001	0.004303007814336412
0.22501	0.0042860670096166115
0.23001	0.004267822668258807
0.23501	0.004248363365963845
0.24001	0.004227766551797091
0.24501	0.004206103491273505
0.25001	0.004183443930450633
0.25501	0.00415984689551592
0.26001	0.004135370547604782
0.26501	0.004110068440874938
0.27001000000000003	0.004083987921475323
0.27501000000000003	0.004057174755212227
0.28001000000000004	0.004029672133750347
0.28501000000000004	0.004001515197915552
0.29001000000000005	0.003972744819877112
0.29501000000000005	0.003943394536288198
0.30001	0.003913492615521538
0.30501	0.0038830700898105416
0.31001	0.0038521555771388054
0.31501	0.003820774835513188
0.32001	0.003788950921820917
0.32501	0.0037567062114273716
0.33001	0.0037240639946359735
0.33501000000000003	0.0036910381722646203
0.34001000000000003	0.0036576545358652244
0.34501000000000004	0.0036239265318445462
0.35001000000000004	0.0035898730440702305
0.35501000000000005	0.0035555073912970723
0.36001	0.00352084806393895
0.36501	0.0034858957178563912
0.37001	0.003450674211108413
0.37501	0.0034152079447656416
0.38001	0.0033794864898538486
0.38501	0.0033435282971322395
0.39001	0.003307348295272854
0.39501000000000003	0.0032709515483077315
0.40001000000000003	0.0032343479808671525
0.40501000000000004	0.0031975472759785406
0.41001000000000004	0.003160556360540872
0.41501000000000005	0.0031233836426874766
0.42001	0.0030860358430720328
0.42501	0.0030485243477664597
0.43001	0.0030108494641155987
0.43501	0.0029730188483722956
0.44001	0.002935038697415495
0.44501	0.00289691244417494
0.45001	0.002858641745088196
0.45501	0.0028202282029674086
0.46001000000000003	0.0027816636455489023
0.46501000000000003	0.0027429276062000147
0.47001000000000004	0.0027039636967519745
0.47501000000000004	0.0026646264266529827
0.48001	0.0026244664548989737
0.48501	0.002581811505999798
0.49001	0.0025280312147531654
0.49501	0.0023851076879464047
0.50001	0.00119529855022991
0.50501	0.00010371912552192963
0.51001	0.000015913053797115737
0.51501	4.2394658388662595e-6
0.52001	1.5043992650353235e-6
0.52501	6.313085998849758e-7
0.53001	2.95375255667846e-7
0.53501	1.4908886165804612e-7
0.54001	7.956862650417013e-8
0.54501	4.432261281478149e-8
0.55001	2.5524696852147194e-8
0.55501	1.5104345669687735e-8
0.56001	9.139433341993357e-9
0.56501	5.633481313084359e-9
0.57001	3.5276087659799296e-9
0.57501	2.2387920361694274e-9
0.58001	1.4370849307232402e-9
0.58501	9.317049880223264e-10
0.59001	6.09285012377733e-10
0.59501	4.024808558534832e-10
0.6000099999999999	2.6805120163429924e-10
0.6050099999999999	1.777290384093907e-10
0.6100099999999999	1.1930106364981661e-10
0.61501	8.03451179541647e-11
0.62001	5.431372369687116e-11
0.62501	3.691172962706015e-11
0.63001	2.5102163681604063e-11
0.63501	1.7141092799886087e-11
0.64001	1.1715561377256985e-11
0.64501	8.037801169757459e-12
0.65001	5.5193066045012845e-12
0.65501	3.793033031261081e-12
0.66001	2.6136498963366237e-12
0.66501	1.8010333598881564e-12
0.67001	1.5562644655575641e-12
0.67501	8.761102270658815e-13
0.68001	1.1941703351551576e-12
0.68501	4.60871433217979e-13
0.69001	3.5067184435606607e-13
0.69501	1.9227181116664466e-13
0.70001	4.205709474595363e-13
0.70501	9.426846493958945e-14
0.71001	6.299595948665878e-14
0.71501	4.740590595456042e-14
0.72001	4.638378178316604e-11
0.7250099999999999	1.991404675895696e-14
0.7300099999999999	1.340911501276354e-14
0.7350099999999999	9.227078888699671e-15
0.74001	6.684740539586022e-15
0.74501	5.3552570019939145e-15
0.75001	3.069089797075154e-15
0.75501	3.801123346892941e-15
0.76001	2.468858817297017e-15
0.76501	4.092135886182007e-15
0.77001	1.8980499920219307e-15
0.77501	5.211620257430052e-15
0.78001	7.147313871891944e-16
0.78501	6.228322947062893e-16
0.79001	9.562548370536015e-15
0.79501	1.205309872804673e-15
0.80001	5.837146028316758e-17
0.80501	7.936307893288664e-16
0.81001	9.09169407329606e-16
0.81501	1.9539715041157944e-15
0.82001	1.8417765805064124e-15
0.82501	9.083841352199674e-15
0.83001	4.0760833924328304e-15
0.83501	2.2209871916883958e-15
0.84001	6.524698298225052e-16
0.84501	2.0581481539311857e-17
0.8500099999999999	8.808697719903752e-17
0.8550099999999999	8.500970597768076e-14
0.8600099999999999	7.488828791336789e-15
0.86501	2.930893322524343e-14
0.87001	1.6149320851465796e-13
0.87501	4.320073724972363e-15
0.88001	1.412825362975664e-16
0.88501	8.311003689305928e-17
0.89001	4.442598333829719e-16
0.89501	3.5640989891080833e-16
0.90001	1.8478643804227631e-16
0.90501	1.2610581087390386e-16
0.91001	1.0827035636080205e-16
0.91501	9.540979590410331e-19
0.92001	5.422219115712866e-19
0.92501	2.4464898119098202e-17
0.93001	1.510027111491387e-19
0.93501	1.461491709616465e-19
0.94001	1.8597875056614428e-19
0.94501	5.959951301192332e-17
0.95001	6.986678607712221e-20
0.95501	6.748374452409398e-20
0.96001	6.21362980603558e-20
0.96501	3.6696174553752246e-20
0.97001	3.451628990220211e-20
0.9750099999999999	8.888056606436067e-21
0.9800099999999999	1.046791656937242e-21
0.9850099999999999	1.0936261510044872e-22
0.99001	4.440823407678385e-24
0.99501	3.6890046445193966e-25