0.00001	3.124525953336632e-46
0.00501	4.101086842296704e-9
0.01001	3.302283275609223e-6
0.015009999999999999	0.00005013897641907493
0.02001	0.00020808808505306964
0.02501	0.0004908677860865658
0.03001	0.0008650235917554554
0.03501	0.0012879377264188884
0.04001	0.0017255539315718083
0.045009999999999994	0.002155247253823096
0.05001	0.0025636533227498533
0.05501	0.002943802807662627
0.06001	0.003292792721438057
0.06501	0.0036101806309216003
0.07001	0.003896942194304828
0.07501	0.0041547991318008175
0.08001	0.004385826773958026
0.08501	0.004592201911718087
0.09000999999999999	0.004776078258808045
0.09501	0.004939498584836523
0.10000999999999999	0.005084366136089594
0.10500999999999999	0.005212420978215146
0.11001	0.005325248423463944
0.11501	0.0054242741483512226
0.12000999999999999	0.005510789782297233
0.12500999999999998	0.005585948553537977
0.13001	0.0056507798329572525
0.13501	0.0057062281069785855
0.14001	0.00575311130183379
0.14501	0.005792180974943235
0.15001	0.005824105646035198
0.15501	0.005849493413733844
0.16001	0.0058688858589349595
0.16501	0.005882768273729472
0.17001	0.005891586347763151
0.17501	0.00589573735509782
0.18001	0.005895582072237751
0.18501	0.005891455886729689
0.19001	0.005883643070371918
0.19501000000000002	0.005872432113787573
0.20001	0.005858055863702039
0.20501	0.005840740736624283
0.21001	0.005820698087588085
0.21501	0.005798115455871919
0.22001	0.005773158468799632
0.22501	0.005745991353051104
0.23001	0.005716757742636295
0.23501	0.00568559138139812
0.24001	0.005652615834405348
0.24501	0.005617943492935571
0.25001	0.005581680581149899
0.25501	0.00554392165463081
0.26001	0.005504759269247478
0.26501	0.005464274972709382
0.27001000000000003	0.0054225465647326256
0.27501000000000003	0.00537964489296331
0.28001000000000004	0.005335638240971141
0.28501000000000004	0.0052905833078837165
0.29001000000000005	0.005244541902911532
0.29501000000000005	0.005197570483958791
0.30001	0.005149716490363151
0.30501	0.005101023236231656
0.31001	0.0050515382486052
0.31501	0.0050013056244711425
0.32001	0.004950356045122366
0.32501	0.004898732259200239
0.33001	0.004846464642964078
0.33501000000000003	0.004793582351832409
0.34001000000000003	0.004740122512952443
0.34501000000000004	0.004686109746768888
0.35001000000000004	0.004631566324655451
0.35501000000000005	0.004576523019795404
0.36001	0.004520999545788994
0.36501	0.0044650122867148576
0.37001	0.004408599614844954
0.37501	0.00435176881835024
0.38001	0.004294536475569604
0.38501	0.004236925306938904
0.39001	0.004178948685869864
0.39501000000000003	0.0041206211691338064
0.40001000000000003	0.004061967683009931
0.40501000000000004	0.0040029923185685825
0.41001000000000004	0.003943709320758144
0.41501000000000005	0.0038841368262031136
0.42001	0.0038242755776600754
0.42501	0.0037641489324005844
0.43001	0.0037037622001686137
0.43501	0.0036431262951619795
0.44001	0.003582250204885229
0.44501	0.0035211417850775314
0.45001	0.003459807192126995
0.45501	0.003398248880383145
0.46001000000000003	0.003336467043990777
0.46501000000000003	0.003274445250109858
0.47001000000000004	0.0032121321203263963
0.47501000000000004	0.0031493823121222808
0.48001	0.0030857343626355268
0.48501	0.003019394999546283
0.49001	0.0029408318229083704
0.49501	0.002761633288842318
0.50001	0.001378491715328968
0.50501	0.00011689682396154362
0.51001	0.000017179434914400652
0.51501	4.3492477789070165e-6
0.52001	1.4612413580586644e-6
0.52501	5.794186844417759e-7
0.53001	2.55830390755876e-7
0.53501	1.21760859714261e-7
0.54001	6.123104134854889e-8
0.54501	3.210696425729671e-8
0.55001	1.741009094965492e-8
0.55501	9.693726572393146e-9
0.56001	5.516594102190914e-9
0.56501	3.1954221179099396e-9
0.57001	1.8807288981464504e-9
0.57501	1.1213856926993511e-9
0.58001	6.75414339835108e-10
0.58501	4.1080111472530534e-10
0.59001	2.519337520518434e-10
0.59501	1.5576047182738256e-10
0.6000099999999999	9.683470349511902e-11
0.6050099999999999	6.05386454185492e-11
0.6100099999999999	3.7960700216252833e-11
0.61501	2.3911043846466757e-11
0.62001	1.511942625028856e-11
0.62501	9.57167132974873e-12
0.63001	6.093539808647703e-12
0.63501	3.879195297357359e-12
0.64001	2.4778357078427302e-12
0.64501	1.5811194795860205e-12
0.65001	1.0091526345561627e-12
0.65501	6.618147941464563e-13
0.66001	4.1919732398264624e-13
0.66501	2.682120432437785e-13
0.67001	1.8412777323904892e-13
0.67501	1.1446008495135763e-13
0.68001	5.985472316151107e-13
0.68501	4.640264529725255e-14
0.69001	2.958013132310964e-14
0.69501	1.7665038278691935e-14
0.70001	1.128120773578327e-14
0.70501	7.1010337994043e-15
0.71001	4.606509785174243e-15
0.71501	2.800222247407865e-15
0.72001	2.130651626790651e-15
0.7250099999999999	1.1401659711029095e-15
0.7300099999999999	9.872591338162858e-16
0.7350099999999999	2.1336602403372325e-15
0.74001	1.2668774531685958e-15
0.74501	1.8210100697629418e-16
0.75001	2.134104049325454e-16
0.75501	6.459796796248657e-16
0.76001	2.6179400654726177e-15
0.76501	4.45539336782541e-16
0.77001	5.941961662707549e-16
0.77501	2.381280154257256e-16
0.78001	4.3880531248177404e-16
0.78501	4.636302825311116e-16
0.79001	4.927336885504843e-17
0.79501	2.3595358620266954e-17
0.80001	6.500604340260601e-16
0.80501	8.833979620497383e-16
0.81001	9.961400709950392e-16
0.81501	7.0108570804283446e-15
0.82001	2.920488612017488e-16
0.82501	5.378732930151636e-16
0.83001	2.631135350050949e-16
0.83501	3.5479638308303376e-14
0.84001	1.6811070257412207e-16
0.84501	3.099965170260457e-16
0.8500099999999999	1.5587909212540083e-15
0.8550099999999999	1.6386770964646312e-13
0.8600099999999999	9.633712742150348e-16
0.86501	3.989562387223579e-15
0.87001	4.831777075688872e-18
0.87501	6.688367797187557e-16
0.88001	8.005521417417449e-17
0.88501	6.997715356783946e-16
0.89001	8.313883737860716e-16
0.89501	1.2693753841614041e-17
0.90001	1.555213969121079e-17
0.90501	9.049764157346427e-18
0.91001	1.3000268811513262e-18
0.91501	1.1411634660379848e-18
0.92001	1.128703344819471e-18
0.92501	7.505584703402553e-19
0.93001	1.9836360594696537e-19
0.93501	7.962984032191138e-19
0.94001	1.2916616950140743e-19
0.94501	2.053597651589919e-19
0.95001	2.2821446132696793e-19
0.95501	6.640171043452666e-20
0.96001	1.4805925900434858e-19
0.96501	2.0281468646624883e-20
0.97001	7.945321882853695e-20
0.9750099999999999	2.2083366531879262e-20
0.9800099999999999	1.1015171374437709e-21
0.9850099999999999	5.193152851978993e-21
0.99001	2.64672111587577e-24
0.99501	2.27266232722189e-25