0.00001	2.258809920887275e-17
0.00501	1.3837997910009372e-6
0.01001	0.000021028297782843525
0.015009999999999999	0.00009898060908062261
0.02001	0.00028425405561586554
0.02501	0.0006173733941220745
0.03001	0.0011188687732557787
0.03501	0.00178710597980498
0.04001	0.002603118345827863
0.045009999999999994	0.003537985549053824
0.05001	0.004559468694437262
0.05501	0.005636581734030488
0.06001	0.006742103642463516
0.06501	0.007853563686475091
0.07001	0.008953283082827938
0.07501	0.010027922818985721
0.08001	0.01106783238510598
0.08501	0.012066365568104124
0.09000999999999999	0.013019250416804537
0.09501	0.013924045956348658
0.10000999999999999	0.014779694059153732
0.10500999999999999	0.015586160543719982
0.11001	0.016344151590133724
0.11501	0.01705489597945359
0.12000999999999999	0.017719977463403824
0.12500999999999998	0.018341207371099066
0.13001	0.01892053267345825
0.13501	0.019459962085371114
0.14001	0.019961526054362085
0.14501	0.020427203999177582
0.15001	0.020858965860708303
0.15501	0.021258688972734585
0.16001	0.021628178204321905
0.16501	0.021969157295674047
0.17001	0.022283258809945847
0.17501	0.022572025545774473
0.18001	0.022836922333134103
0.18501	0.02307931497427405
0.19001	0.023300494149484804
0.19501000000000002	0.02350167274268493
0.20001	0.023683985992435066
0.20501	0.023848505102994102
0.21001	0.02399621991626701
0.21501	0.02412805597088373
0.22001	0.024244908144517775
0.22501	0.024347584757099913
0.23001	0.02443685076190106
0.23501	0.024513435460182798
0.24001	0.02457800910415895
0.24501	0.02463119883739409
0.25001	0.02467360437080369
0.25501	0.024705790367745055
0.26001	0.024728242517936785
0.26501	0.024741497821298693
0.27001000000000003	0.024745983814786227
0.27501000000000003	0.02474214872911585
0.28001000000000004	0.024730402795117443
0.28501000000000004	0.02471110575696342
0.29001000000000005	0.024684642476281576
0.29501000000000005	0.024651358563220687
0.30001	0.024611523068088146
0.30501	0.024565484405254426
0.31001	0.02451350936472227
0.31501	0.024455854656806133
0.32001	0.024392795231863194
0.32501	0.02432454971742624
0.33001	0.02425133674346457
0.33501000000000003	0.024173367787650384
0.34001000000000003	0.02409085158162534
0.34501000000000004	0.02400395757574269
0.35001000000000004	0.02391284886969295
0.35501000000000005	0.023817702548018196
0.36001	0.023718651051806344
0.36501	0.02361582996638956
0.37001	0.0235093463548295
0.37501	0.023399319939868567
0.38001	0.023285830042015624
0.38501	0.023168916973287147
0.39001	0.02304862788966018
0.39501000000000003	0.02292506674664524
0.40001000000000003	0.022798077188783693
0.40501000000000004	0.02266762033324672
0.41001000000000004	0.022533536734730065
0.41501000000000005	0.022395590964707193
0.42001	0.022253395566471216
0.42501	0.02210636302982021
0.43001	0.021953626187718976
0.43501	0.02179386872496495
0.44001	0.02162509385409323
0.44501	0.021444225998156402
0.45001	0.021246457063537123
0.45501	0.02102399540893918
0.46001000000000003	0.020764034523060398
0.46501000000000003	0.02044478899554438
0.47001000000000004	0.020028282542904226
0.47501000000000004	0.01944719821631655
0.48001	0.01858255014166198
0.48501	0.01723618190046244
0.49001	0.015139551358721396
0.49501	0.012128993410692162
0.50001	0.008550162585834905
0.50501	0.005302238481322234
0.51001	0.0030325409708742077
0.51501	0.0016975971217669376
0.52001	0.0009674425424857963
0.52501	0.0005707981326153106
0.53001	0.00034993982397231015
0.53501	0.00022246588140576102
0.54001	0.0001460774471750015
0.54501	0.00009865802833604514
0.55001	0.00006827193778418844
0.55501	0.00004824658064603085
0.56001	0.00003472001897201491
0.56501	0.000025383667346613097
0.57001	0.000018815966433053476
0.57501	0.000014117917683436896
0.58001	0.000010707096829558776
0.58501	8.198022885747947e-6
0.59001	6.330452193685053e-6
0.59501	4.9256595711714565e-6
0.6000099999999999	3.8589159527288615e-6
0.6050099999999999	3.0419059528690897e-6
0.6100099999999999	2.4113005861185134e-6
0.61501	1.9211359010279574e-6
0.62001	1.5376731580459822e-6
0.62501	1.2359275545641812e-6
0.63001	9.97208001996746e-7
0.63501	8.074134317662121e-7
0.64001	6.558356892489382e-7
0.64501	5.342744643772152e-7
0.65001	4.3640866612503155e-7
0.65501	3.573418529923174e-7
0.66001	2.9325307029795006e-7
0.66501	2.4114755430216183e-7
0.67001	1.9866693783097778e-7
0.67501	1.6394396610435847e-7
0.68001	1.3549398549326438e-7
0.68501	1.1213318535519718e-7
0.69001	9.291222750492027e-8
0.69501	7.706770581159151e-8
0.70001	6.398517457037848e-8
0.70501	5.3165957186300394e-8
0.71001	4.420572640909292e-8
0.71501	3.677574704912292e-8
0.72001	3.060764950936634e-8
0.7250099999999999	2.5481715304003478e-8
0.7300099999999999	2.121826837923872e-8
0.7350099999999999	1.76692353312774e-8
0.74001	1.471301691355973e-8
0.74501	1.2249310650194353e-8
0.75001	1.0195075112217728e-8
0.75501	8.48179140878777e-9
0.76001	7.05258511563008e-9
0.76501	5.860218327048247e-9
0.77001	4.8655100098358836e-9
0.77501	4.035748858968665e-9
0.78001	3.343982672997005e-9
0.78501	2.7673087679227184e-9
0.79001	2.2869040574054574e-9
0.79501	1.8869459078265116e-9
0.80001	1.5542575895981515e-9
0.80501	1.2777888633697302e-9
0.81001	1.0483070738666405e-9
0.81501	8.580293894409541e-10
0.82001	7.005340077365431e-10
0.82501	5.703695359382459e-10
0.83001	4.6300112243913485e-10
0.83501	3.746144922221655e-10
0.84001	3.0201768128456125e-10
0.84501	2.4254767644349106e-10
0.8500099999999999	1.939637860588119e-10
0.8550099999999999	1.5439607052050862e-10
0.8600099999999999	1.2228536030938089e-10
0.86501	9.632176078871981e-11
0.87001	7.541642281390102e-11
0.87501	5.86631746374779e-11
0.88001	4.530351396861534e-11
0.88501	3.471055932409269e-11
0.89001	2.6364392737681194e-11
0.89501	1.983271578130041e-11
0.90001	1.476081663969202e-11
0.90501	1.0856563474133032e-11
0.91001	7.879331233077235e-12
0.91501	5.633965871089156e-12
0.92001	3.9612391008134494e-12
0.92501	2.7321265324483995e-12
0.93001	1.843525504898127e-12
0.93501	1.2127993986441644e-12
0.94001	7.745248918236732e-13
0.94501	4.776710606836111e-13
0.95001	2.825137058782863e-13
0.95501	1.587627899295639e-13
0.96001	8.37522736078571e-14
0.96501	4.0747831719129144e-14
0.97001	1.781575787767553e-14
0.9750099999999999	6.727982195914406e-15
0.9800099999999999	2.0480070660318735e-15
0.9850099999999999	4.409336023111169e-16
0.99001	4.9725034786492155e-17
0.99501	1.0251567306563615e-18